Test Accuracy: 0.9890
Test Loss: 0.0373
Confusion Matrix:
[[ 975    1    0    0    0    0    3    0    0    1]
 [   0 1135    0    0    0    0    0    0    0    0]
 [   2    3 1017    0    1    0    0    5    4    0]
 [   0    0    0  998    0    3    0    2    7    0]
 [   0    1    0    0  979    0    0    0    0    2]
 [   1    1    0    7    0  876    4    0    2    1]
 [   3    4    0    0    1    1  948    0    1    0]
 [   0   13    2    0    0    0    0 1009    1    3]
 [   2    0    2    0    0    0    1    0  968    1]
 [   1    4    0    0    7    3    0    2    7  985]]